113034 0 0 0
113468 0 0 0
113476 0 0 0
116726 0 0 0
113450 0 0 0
129011 113476 0 0
129020 113476 0 0
113042 113034 0 0
113093 0 0 0
116319 0 0 0
116394 129011 129020 0
117889 116319 0 0
113107 0 0 0
113417 113034 0 0
115045 113034 0 0
117366 116319 0 0
117897 117889 0 0
117901 116319 0 0
116572 116319 0 0
116343 116319 0 0
117935 117897 0 0
116441 117889 0 0
116378 0 0 0
116653 116319 0 0
116432 116394 116319 0
117960 117935 0 0
116882 113107 0 0
116416 116319 0 0
117943 115045 116319 0
117536 113034 116319 0
117951 116343 116432 116882
117927 116572 0 0
117919  0 0 0
116297  0 0 0