113034 0
113468 0
113476 0
116726 0
113042 113034
113093 0
113450 0
116319 0
129011 113476
129020 113476
113107 0
113417 113034
115045 113034
116394 129011
116394 129020
117889 116319
116572 116319
117366 116319
117897 117889
117901 116319
116343 116319
116378 0
116441 117889
116653 116319
117935 117897
116416 116319
116432 116394
116432 116319
116882 113107
117943 115045
117943 116319
117960 117935
117536 113034
117536 116319
117927 116572
117951 116343
117951 116432
117951 116882
117919  0
116297  0